%DH params for robots
a2 = 0.4318; a3 = -0.0203; a6 = 0.1;
d2 = 0.2435; d3 = -0.0934; d4 = 0.4331; %taken from mdl_p560akb and MAE263B Final
